400.000	-61.225
404.082	-56.478
408.163	-55.926
412.245	-53.424
416.327	-56.717
420.408	-54.366
424.490	-53.287
428.571	-53.934
432.653	-54.454
436.735	-56.265
440.816	-54.651
444.898	-56.481
448.980	-55.472
453.061	-54.776
457.143	-54.757
461.224	-54.813
465.306	-53.513
469.388	-53.914
473.469	-53.244
477.551	-52.566
481.633	-51.474
485.714	-49.557
489.796	-47.358
493.878	-45.560
497.959	-44.820
502.041	-46.343
506.122	-47.818
510.204	-48.889
514.286	-50.252
518.367	-51.730
522.449	-53.523
526.531	-54.116
530.612	-54.476
534.694	-54.124
538.776	-53.600
542.857	-55.256
546.939	-55.513
551.020	-54.611
555.102	-55.807
559.184	-56.707
563.265	-53.915
567.347	-56.565
571.429	-53.837
575.510	-54.202
579.592	-54.145
583.673	-54.434
587.755	-56.519
591.837	-53.472
595.918	-55.903
600.000	-55.888
